参考資料１

          令和８年度            区別保育所等の待機状況                        －令和７年度との比較－


                    令和７年４月１日現在                                           令和８年４月１日現在

       就学前                        利用       保留      待機        就学前                       利用       保留      待機
                 施設数     定員数                                          施設数     定員数
       児童数                        児童数      児童数     児童数       児童数                       児童数      児童数     児童数
        (人)      (か所)    (人)      (人)      (人)     (人)       (人)      (か所)    (人)      (人)      (人)     (人)


鶴見     11,381      110   7,119    6,702      149         0   10,949     109    7,036    6,599    132          0


神奈川     9,302       90   5,644    5,115      171         0    9,109      90    5,635    5,081    152          0

西       4,125       41   2,116    2,012       70         0    3,956      41    2,116    2,022     70          0


中       4,500       43   2,338    2,049       79         0    4,223      43    2,323    1,963     42          0

南       6,307       49   2,900    3,156      160         0    6,073      49    2,874    3,144    125          0


港南      7,914       68   4,128    3,827      168         0    7,604      69    4,170    3,876    109          0

保土ケ谷    7,283       57   3,900    3,688      154         0    7,100      57    3,923    3,732    138          0


旭       8,956       73   4,347    4,245      245         0    8,783      74    4,399    4,296    188          0

磯子      5,991       49   2,988    3,028      122         0    5,760      50    3,067    3,024     75          0

金沢      6,123       45   3,140    3,112      146         0    5,815      45    3,140    3,004     88          0


港北     16,303      162   9,807    9,440      314         0   16,008     162    9,780    9,392    312          0

緑       7,470       64   3,652    3,507      153         0    7,026      64    3,640    3,415    100          0


青葉     11,912       90   5,330    5,044      230         0   11,525      91    5,354    5,009    213          0

都筑      9,485       68   4,392    4,043      140         0    9,032      69    4,381    3,944    130          0


戸塚     11,828      101   6,039    5,970      256         0   11,410     104    6,192    6,059    226          0

栄       4,559       29   1,765    1,976      127         0    4,450      32    1,893    2,024    110          0


泉       5,909       46   2,970    2,695      176         0    5,853      47    3,033    2,774    180          0

瀬谷      4,707       35   1,902    1,923      131         0    4,611      36    1,921    1,944    142          0


合計     144,055   1,220   74,477   71,532   2,991         0 139,287    1,232   74,877   71,302   2,532         0




                                                   7
